> *** EU P251
021.018512  040.864203
020.991782  040.904394
020.872578  040.932893
020.747972  040.915389
020.675764  041.086897
020.606261  041.099294
020.501050  041.346408
020.569248  041.415913
020.462041  041.531917
020.566042  041.591422
020.525034  041.738929
020.553533  041.789831
020.579534  041.794434
020.570230  041.872938
020.634228  041.975445
020.531016  042.209853
020.465511  042.271855
020.341504  042.331855
020.268201  042.323853
020.165889  042.516861
020.065184  042.565862
020.004985  042.517358
019.944182  042.525259
019.897182  042.491354
019.879181  042.499256
019.838981  042.473852
019.798679  042.488753
019.729969  042.665859
019.664168  042.629758
019.626970  042.553851
019.443671  042.385240
019.419872  042.320334
019.291174  042.181925
019.405982  042.108424
019.388386  041.962416
019.357986  041.954813
019.347988  041.909912
019.385389  041.884412
019.373991  041.850410
019.378890  041.850410
019.408992  041.861809
019.450892  041.858912
019.544697  041.833413
019.588899  041.810412
019.598500  041.813913
019.607400  041.791912
019.599202  041.766410
019.576501  041.765910
019.573201  041.750409
019.590003  041.717407
019.587704  041.696406
019.573504  041.679905
019.571005  041.655904
019.597707  041.631903
019.600206  041.646404
019.611406  041.637904
019.614508  041.617300
019.605209  041.604902
019.598906  041.625403
019.593508  041.603401
019.579207  041.604901
019.563208  041.581399
019.514207  041.574398
019.457704  041.586897
019.469206  041.557396
019.515708  041.542396
019.520909  041.507394
019.500010  041.468392
019.510711  041.467892
019.500910  041.456391
019.496909  041.463892
019.450710  041.444389
019.448710  041.441287
019.451210  041.438287
019.460410  041.423889
019.439910  041.399887
019.398209  041.413387
019.428711  041.382386
019.426013  041.332383
019.439514  041.315382
019.456515  041.309382
019.458515  041.315883
019.486915  041.314781
019.513417  041.291883
019.525919  041.251881
019.505919  041.218879
019.499221  041.211878
019.478721  041.177876
019.478022  041.161273
019.465022  041.149374
019.445920  041.145873
019.466524  041.104871
019.454925  041.030765
019.439026  041.014366
019.463027  041.003264
019.477427  041.010366
019.471728  041.001866
019.485729  040.991866
019.481230  040.953761
019.463930  040.932760
019.468531  040.929362
019.460031  040.910259
019.502529  040.980865
019.524031  040.975365
019.533432  040.912862
019.497533  040.897861
019.492233  040.888360
019.462532  040.888757
019.453032  040.877859
019.452031  040.894257
019.443732  040.877358
019.438532  040.882256
019.444731  040.904360
019.455231  040.911258
019.455030  040.922861
019.433029  040.930361
019.458230  040.946363
019.434428  040.941362
019.421729  040.921758
019.399229  040.915359
019.391229  040.903757
019.391030  040.893358
019.414230  040.891358
019.426231  040.871858
019.428031  040.864357
019.415431  040.857357
019.413732  040.853856
019.418033  040.838356
019.417233  040.824355
019.408033  040.814354
019.382533  040.802251
019.379734  040.756349
019.378036  040.718746
019.348036  040.674344
019.331036  040.670343
019.319036  040.655842
019.323036  040.652342
019.328537  040.648842
019.396043  040.547838
019.403742  040.581840
019.439243  040.579341
019.466444  040.565740
019.462745  040.546339
019.469246  040.534238
019.459946  040.503337
019.454047  040.498736
019.436546  040.506337
019.422244  040.528838
019.414944  040.514837
019.397243  040.545237
019.389442  040.539236
019.416745  040.502336
019.435945  040.502736
019.461548  040.472835
019.504050  040.446234
019.488751  040.420333
019.492553  040.357330
019.481253  040.345829
019.473554  040.340227
019.447753  040.327827
019.426252  040.330226
019.429552  040.335327
019.417751  040.347827
019.409449  040.387830
019.372446  040.425230
019.329245  040.444331
019.299943  040.428728
019.372949  040.354827
019.386251  040.320224
019.380451  040.313325
019.388252  040.303324
019.414753  040.285324
019.447556  040.244721
019.479558  040.219822
019.649965  040.144720
019.666267  040.130220
019.732570  040.112321
019.740771  040.102720
019.749271  040.107220
019.759572  040.097821
019.756772  040.084320
019.772573  040.083821
019.781774  040.063820
019.784273  040.075820
019.810974  040.058820
019.799576  040.053819
019.817076  040.050320
019.826275  040.055820
019.852776  040.052821
019.889779  040.015718
019.890780  039.999818
019.930482  039.945816
019.930584  039.929315
019.921783  039.930214
019.913584  039.914314
019.903584  039.911814
019.997486  039.872314
020.005589  039.874814
020.014590  039.850313
020.005789  039.838812
020.010790  039.827311
019.997489  039.806209
019.988790  039.795809
019.989790  039.793809
019.997489  039.789309
019.997490  039.782308
019.976290  039.770307
019.971791  039.752306
019.981292  039.744306
019.994593  039.752307
019.984593  039.741806
019.986492  039.727805
019.976293  039.710203
019.981794  039.689803
019.997493  039.692303
020.004294  039.693303
020.034373  039.688455
020.089893  039.696606
020.193676  039.658327
020.237006  039.659257
020.337285  039.725751
020.320513  039.779063
020.327043  039.811514
020.387104  039.786124
020.379524  039.815165
020.453873  039.835507
020.400332  039.884588
020.344609  039.984141
020.401479  040.003472
020.449218  040.048875
020.483618  040.071106
020.532498  040.076327
020.642849  040.081439
020.679479  040.101340
020.698958  040.131722
020.710287  040.188014
020.741746  040.225326
020.746214  040.285398
020.782694  040.326470
020.766702  040.407023
020.840261  040.454896
020.893781  040.476627
020.979692  040.477438
021.046072  040.511071
021.028851  040.546302
021.081840  040.596754
021.036208  040.650196
021.074658  040.674597
021.064707  040.691967
020.996584  040.769509
021.018512  040.864203
> 
